37,49
37,48
37,47
37,46
37,45
37,44
37,43
37,42
37,41
37,40
37,39
37,38
37,37
37,36
37,35
34,1
34,3
32,1
32,3
28,1
28,3
10,287
10,183
10,71
10,69
10,243
10,297
11,23
11,27
11,17
11,29
11,7
11,11
9,5
8,12
8,13
8,7
8,10
8,4
20,3
20,2
20,1
19,3
19,2
19,1
12,3
12,2
12,1
11,28
11,26
11,20
11,18
11,12
11,10
11,8
11,4
11,3
11,2
11,1
10,296
10,295
10,294
10,293
10,292
10,291
10,290
10,289
10,288
10,226
10,208
10,180
10,176
10,164
10,112
10,102
10,3
10,2
10,1
9,7
9,6
9,4
18,1
9,3
18,3
9,2
9,1
8,15
8,14
8,11
14,1
8,9
14,3
8,6
8,5
13,1
8,3
13,3
8,2
8,1
3,3
3,2
